x,y,height,momentum_x,bathymetry
125,125,0,0,20
375,125,20,-4.58665e-07,-20
625,125,20,-1.39156e-06,-20
875,125,20,-2.37096e-06,-20
1125,125,20,-3.42712e-06,-20
1375,125,20,-4.58925e-06,-20
1625,125,20,-5.88501e-06,-20
1875,125,20,-7.34008e-06,-20
2125,125,20,-8.97768e-06,-20
2375,125,20,-1.08182e-05,-20
2625,125,20,-1.28787e-05,-20
2875,125,20,-1.51726e-05,-20
3125,125,20,-1.77098e-05,-20
3375,125,20,-2.04959e-05,-20
3625,125,20,-2.35328e-05,-20
3875,125,20,-2.68185e-05,-20
4125,125,21.0057,-2.49235e-05,-21.0057
4375,125,23.0257,-2.4357e-05,-23.0257
4625,125,24.3499,-3.20255e-05,-24.3499
4875,125,25.3049,-2.3081e-05,-25.3049
5125,125,25.9802,1.90441e-06,-25.9802
5375,125,27.0448,2.44266e-05,-27.0448
5625,125,28.4558,3.52016e-05,-28.4558
5875,125,30.234,2.21716e-05,-30.234
6125,125,32.9776,7.78004e-06,-32.9776
6375,125,35.2843,7.19033e-06,-35.2843
6625,125,37.0547,-9.65579e-06,-37.0547
6875,125,37.3778,-2.15261e-05,-37.3778
7125,125,38.6646,-4.86314e-06,-38.6646
7375,125,40.2267,-8.70194e-06,-40.2267
7625,125,41.2595,-3.08133e-05,-41.2595
7875,125,41.5234,-1.29898e-05,-41.5234
8125,125,41.7932,-2.00683e-06,-41.7932
8375,125,42.7942,-8.6919e-06,-42.7942
8625,125,44.3591,-2.55809e-05,-44.3591
8875,125,45.5234,-3.63594e-05,-45.5234
9125,125,45.5234,-9.47413e-06,-45.5234
9375,125,46.3688,1.30172e-05,-46.3688
9625,125,48.3835,2.52963e-05,-48.3835
9875,125,52.1282,2.62554e-05,-52.1282
10125,125,53.4473,3.79465e-05,-53.4473
10375,125,54.6156,4.15602e-05,-54.6156
10625,125,55.9716,8.4344e-06,-55.9716
10875,125,57.9378,1.45127e-05,-57.9378
11125,125,59.3332,5.86406e-05,-59.3332
11375,125,60.0429,7.33004e-05,-60.0429
11625,125,61.685,5.15025e-05,-61.685
11875,125,63.3487,3.72734e-05,-63.3487
12125,125,64.9847,1.18747e-06,-64.9847
12375,125,65.6944,1.42492e-06,-65.6944
12625,125,68.4823,2.28795e-05,-68.4823
12875,125,72.4967,-3.53372e-05,-72.4967
13125,125,73.2065,-4.94563e-05,-73.2065
13375,125,73.7161,-3.5356e-05,-73.7161
13625,125,74.3361,-0.000119005,-74.3361
13875,125,76.3382,-0.000162933,-76.3382
14125,125,77.734,-0.000148962,-77.734
14375,125,79.1383,-0.00017507,-79.1383
14625,125,81.8184,-0.000162084,-81.8184
14875,125,83.5458,-0.000102413,-83.5458
15125,125,84.894,-1.32504e-05,-84.894
15375,125,86.2182,2.66748e-05,-86.2182
15625,125,87.8154,7.00646e-05,-87.8154
15875,125,89.3041,0.000662897,-89.3041
16125,125,90.3369,0.00216469,-90.337
16375,125,91.9252,0.00409598,-91.9254
16625,125,93.8585,0.00605183,-93.8587
16875,125,96.2154,0.00801852,-96.2157
17125,125,98.0104,0.00997034,-98.0109
17375,125,99.7086,0.0118685,-99.7092
17625,125,101.388,0.0139086,-101.388
17875,125,102.769,0.0160737,-102.77
18125,125,104.412,0.0181121,-104.413
18375,125,106.414,0.0202315,-106.415
18625,125,108.134,0.022378,-108.135
18875,125,109.334,0.0243408,-109.335
19125,125,110.006,0.0266249,-110.008
19375,125,110.393,0.0307741,-110.394
19625,125,111.307,0.0366814,-111.309
19875,125,112.614,0.0427996,-112.615
20125,125,113.259,0.048882,-113.261
20375,125,113.905,0.055056,-113.908
20625,125,114.76,0.0612688,-114.762
20875,125,117.148,0.0674094,-117.151
21125,125,119.1,0.0735559,-119.103
21375,125,120.69,0.0798001,-120.693
21625,125,121.691,0.0860092,-121.694
21875,125,122.243,0.0922009,-122.246
22125,125,122.662,0.0985077,-122.665
22375,125,123.308,0.104872,-123.311
22625,125,123.737,0.111177,-123.741
22875,125,124.179,0.117603,-124.183
23125,125,124.856,0.124135,-124.861
23375,125,124.996,0.130573,-125
23625,125,125.212,0.136971,-125.217
23875,125,125.89,0.143233,-125.895
24125,125,126.568,0.149417,-126.573
24375,125,127.245,0.155747,-127.25
24625,125,127.923,0.162185,-127.928
24875,125,127.994,0.168591,-128
25125,125,128.143,0.172758,-128.149
25375,125,128.498,0.174954,-128.504
25625,125,129.128,0.177505,-129.134
25875,125,129.788,0.179869,-129.795
26125,125,130.466,0.182053,-130.473
26375,125,131.144,0.184414,-131.151
26625,125,132.006,0.186625,-132.013
26875,125,133.037,0.188849,-133.044
27125,125,134.038,0.19155,-134.046
27375,125,135.057,0.195517,-135.065
27625,125,136.056,0.203401,-136.064
27875,125,136.734,0.214492,-136.742
28125,125,137.411,0.225606,-137.42
28375,125,137.991,0.236482,-138
28625,125,137.991,0.247878,-138
28875,125,138.207,0.259967,-138.216
29125,125,138.466,0.272366,-138.477
29375,125,138.466,0.284964,-138.477
29625,125,138.466,0.297801,-138.477
29875,125,138.465,0.311558,-138.477
30125,125,138.465,0.328854,-138.477
30375,125,138.713,0.35079,-138.725
30625,125,138.94,0.378073,-138.953
30875,125,138.939,0.413088,-138.953
31125,125,138.938,0.457304,-138.953
31375,125,138.936,0.512751,-138.953
31625,125,138.935,0.582975,-138.953
31875,125,138.932,0.672356,-138.953
32125,125,139.057,0.785662,-139.081
32375,125,139.376,0.928727,-139.404
32625,125,140.02,1.10978,-140.053
32875,125,140.391,1.33776,-140.43
33125,125,140.383,1.62419,-140.43
33375,125,141.031,1.98317,-141.087
33625,125,141.362,2.42958,-141.43
33875,125,141.354,2.98224,-141.437
34125,125,141.69,3.66077,-141.791
34375,125,142.199,4.48959,-142.322
34625,125,142.828,5.49457,-142.978
34875,125,143.151,6.70209,-143.333
35125,125,143.852,8.14214,-144.072
35375,125,145.012,9.84785,-145.277
35625,125,147.672,11.8509,-147.989
35875,125,148.992,14.1799,-149.37
36125,125,149.525,16.87,-149.972
36375,125,149.831,19.9572,-150.358
36625,125,150.576,23.4758,-151.194
36875,125,151.506,27.4577,-152.227
37125,125,152.424,31.9295,-153.259
37375,125,153.088,36.9138,-154.052
37625,125,153.456,42.4291,-154.562
37875,125,153.268,48.4973,-154.53
38125,125,154.168,55.1339,-155.601
38375,125,155.34,62.3333,-156.957
38625,125,156.498,70.0826,-158.313
38875,125,157.344,78.3618,-159.369
39125,125,158.003,87.1452,-160.25
39375,125,158.446,96.3991,-160.928
39625,125,158.879,106.077,-161.606
39875,125,159.153,116.12,-162.136
40125,125,159.213,126.458,-162.459
40375,125,159.297,137.012,-162.812
40625,125,159.698,147.686,-163.485
40875,125,160.46,158.363,-164.518
41125,125,161.548,168.906,-165.872
41375,125,162.815,179.16,-167.396
41625,125,164.267,188.955,-169.09
41875,125,166.077,198.096,-171.124
42125,125,167.911,206.372,-173.158
42375,125,169.552,213.541,-174.969
42625,125,169.09,219.362,-174.646
42875,125,169.471,223.571,-175.124
43125,125,170.893,225.865,-176.592
43375,125,175.328,225.935,-181.015
43625,125,177.316,223.506,-182.93
43875,125,178.133,218.307,-183.608
44125,125,179.024,210.059,-184.286
44375,125,180.227,198.529,-185.197
44625,125,181.61,183.552,-186.206
44875,125,183.099,165.022,-187.238
45125,125,186.999,143.002,-190.607
45375,125,190.061,117.795,-193.068
45625,125,189.338,89.6402,-191.68
45875,125,192.319,58.8972,-193.943
46125,125,195.359,26.2512,-196.23
46375,125,196.936,-7.66441,-197.036
46625,125,200.678,-42.1309,-200.005
46875,125,203.721,-76.3179,-202.292
47125,125,205.189,-109.555,-203.034
47375,125,208.309,-141.191,-205.47
47625,125,210.245,-170.603,-206.777
47875,125,210.522,-197.436,-206.485
48125,125,216.363,-221.345,-211.827
48375,125,220.677,-242.045,-215.72
48625,125,223.158,-259.433,-217.852
48875,125,220.661,-273.512,-215.077
49125,125,218.378,-284.333,-212.581
49375,125,216.587,-291.98,-210.64
49625,125,219.034,-296.594,-212.997
49875,125,226.915,-298.377,-220.842
50125,125,237.216,-297.617,-231.159
50375,125,238.086,-294.64,-232.096
50625,125,235.916,-289.706,-230.037
50875,125,232.399,-283.023,-226.669
51125,125,230.538,-274.791,-224.99
51375,125,230.04,-265.219,-224.701
51625,125,230.579,-254.516,-225.47
51875,125,232.688,-242.888,-227.827
52125,125,236.324,-230.544,-231.722
52375,125,239.846,-217.7,-235.51
52625,125,241.641,-204.534,-237.575
52875,125,243.923,-191.2,-240.129
53125,125,246.148,-177.848,-242.623
53375,125,247.98,-164.593,-244.721
53625,125,252.329,-151.56,-249.327
53875,125,255.29,-138.888,-252.535
54125,125,255.083,-126.648,-252.567
54375,125,256.418,-114.888,-254.129
54625,125,260.019,-103.664,-257.944
54875,125,266.505,-93.0456,-264.629
55125,125,272.153,-83.0827,-270.458
55375,125,275.992,-73.7925,-274.463
55625,125,277.84,-65.1889,-276.465
55875,125,276.715,-57.2624,-275.481
56125,125,276.808,-49.9985,-275.704
56375,125,278.091,-43.3893,-277.105
56625,125,280.343,-37.4142,-279.462
56875,125,284.352,-32.0442,-283.565
57125,125,289.436,-27.2527,-288.733
57375,125,292.074,-22.9984,-291.445
57625,125,295.961,-19.2331,-295.397
57875,125,300.538,-15.9177,-300.031
58125,125,304.651,-13.0069,-304.194
58375,125,310.522,-10.4562,-310.109
58625,125,316.798,-8.22919,-316.424
58875,125,321.155,-6.28938,-320.815
59125,125,323.82,-4.59947,-323.51
59375,125,326.316,-3.12724,-326.033
59625,125,330.328,-1.84422,-330.069
59875,125,332.777,-0.724418,-332.541
60125,125,334.673,0.25285,-334.457
60375,125,336.365,1.10649,-336.168
60625,125,338.033,1.85261,-337.852
60875,125,340.052,2.50693,-339.887
61125,125,342.749,3.08169,-342.599
61375,125,345.448,3.58855,-345.311
61625,125,348.427,4.03848,-348.303
61875,125,351.836,4.43897,-351.724
62125,125,354.921,4.79888,-354.82
62375,125,357.861,5.12561,-357.771
62625,125,360.659,5.42152,-360.578
62875,125,366.276,5.68538,-366.204
63125,125,371.982,5.91748,-371.92
63375,125,377.611,6.12707,-377.556
63625,125,379.283,6.31825,-379.235
63875,125,380.041,6.48761,-380
64125,125,380.364,6.64138,-380.33
64375,125,385.104,6.77897,-385.075
64625,125,389.844,6.90227,-389.821
64875,125,394.504,7.01267,-394.486
65125,125,398.568,7.10802,-398.554
65375,125,402.86,7.19392,-402.85
65625,125,407.569,7.26797,-407.563
65875,125,413.699,7.32607,-413.696
66125,125,420.727,7.36906,-420.727
66375,125,427.264,7.39836,-427.267
66625,125,430.652,7.41492,-430.657
66875,125,434.039,7.41949,-434.047
67125,125,437.235,7.41369,-437.246
67375,125,439.913,7.39495,-439.926
67625,125,443.437,7.35822,-443.452
67875,125,447.18,7.30938,-447.196
68125,125,450.922,7.25265,-450.941
68375,125,454.911,7.18058,-454.932
68625,125,458.695,7.09376,-458.717
68875,125,462.051,6.994,-462.075
69125,125,463.758,6.87584,-463.785
69375,125,465.217,6.74291,-465.246
69625,125,466.602,6.59948,-466.634
69875,125,467.683,6.44474,-467.716
70125,125,469.699,6.27933,-469.736
70375,125,472.795,6.10426,-472.834
70625,125,471.977,5.91612,-472.019
70875,125,473.804,5.71586,-473.849
71125,125,478.088,5.50968,-478.135
71375,125,482.185,5.29442,-482.235
71625,125,486.246,5.07079,-486.298
71875,125,490.413,4.84616,-490.468
72125,125,495.866,4.62346,-495.924
72375,125,501.1,4.40218,-501.16
72625,125,506.147,4.18072,-506.209
72875,125,510.89,3.96439,-510.955
73125,125,515.417,3.75906,-515.484
73375,125,519.769,3.56814,-519.838
73625,125,523.835,3.38779,-523.906
73875,125,528.133,3.20986,-528.206
74125,125,532.365,3.03265,-532.439
74375,125,536.109,2.85965,-536.184
74625,125,539.852,2.69551,-539.928
74875,125,543.587,2.54462,-543.664
75125,125,547.3,2.41304,-547.377
75375,125,551.039,2.29822,-551.115
75625,125,554.784,2.19747,-554.86
75875,125,558.529,2.11369,-558.605
76125,125,562.247,2.05021,-562.322
76375,125,565.833,2.004,-565.907
76625,125,569.224,1.9761,-569.297
76875,125,573.238,1.965,-573.31
77125,125,577.308,1.96772,-577.378
77375,125,581.377,1.98657,-581.446
77625,125,584.79,2.0202,-584.857
77875,125,588.517,2.06917,-588.582
78125,125,592.587,2.13067,-592.649
78375,125,596.657,2.20736,-596.717
78625,125,600.728,2.2979,-600.785
78875,125,604.798,2.39291,-604.853
79125,125,608.869,2.49805,-608.921
79375,125,612.939,2.615,-612.988
79625,125,617.052,2.73515,-617.099
79875,125,621.478,2.85591,-621.521
80125,125,626.361,2.97776,-626.401
80375,125,631.671,3.09872,-631.709
80625,125,637.839,3.20901,-637.874
80875,125,644.166,3.30585,-644.197
81125,125,650.349,3.39555,-650.378
81375,125,655.775,3.48213,-655.801
81625,125,659.928,3.56895,-659.952
81875,125,663.922,3.65743,-663.943
82125,125,668.67,3.74489,-668.689
82375,125,676.882,3.83129,-676.897
82625,125,685.67,3.91599,-685.682
82875,125,693.776,3.99941,-693.786
83125,125,696.757,4.08434,-696.764
83375,125,700.046,4.17164,-700.051
83625,125,705.472,4.24817,-705.474
83875,125,708.79,4.30793,-708.79
84125,125,712.279,4.36474,-712.277
84375,125,716.349,4.42318,-716.344
84625,125,719.138,4.47069,-719.132
84875,125,721.367,4.50402,-721.359
85125,125,723.047,4.53275,-723.038
85375,125,725.112,4.54688,-725.101
85625,125,728.052,4.54525,-728.039
85875,125,731.858,4.52984,-731.844
86125,125,736.959,4.49745,-736.945
86375,125,744.009,4.45526,-743.994
86625,125,752.273,4.39892,-752.257
86875,125,758.052,4.32702,-758.035
87125,125,766.531,4.2405,-766.514
87375,125,775.792,4.13991,-775.775
87625,125,779.86,4.02814,-779.843
87875,125,788.012,3.90115,-787.995
88125,125,797.126,3.76125,-797.11
88375,125,801.872,3.60347,-801.856
88625,125,807.104,3.43045,-807.09
88875,125,812.109,3.24394,-812.095
89125,125,815.821,3.0396,-815.808
89375,125,820.328,2.82683,-820.316
89625,125,824.274,2.60684,-824.263
89875,125,826.306,2.38181,-826.297
90125,125,831.381,2.14351,-831.373
90375,125,835.969,1.8861,-835.963
90625,125,838.356,1.62514,-838.352
90875,125,843.69,1.36721,-843.688
91125,125,848.919,1.11335,-848.919
91375,125,853.308,0.872168,-853.31
91625,125,859.893,0.641514,-859.898
91875,125,865.322,0.412464,-865.328
92125,125,869.064,0.183915,-869.073
92375,125,876.437,-0.0433175,-876.448
92625,125,881.897,-0.270212,-881.91
92875,125,885.344,-0.498545,-885.359
93125,125,891.767,-0.72764,-891.784
93375,125,897.275,-0.957324,-897.295
93625,125,902.09,-1.18576,-902.112
93875,125,907.867,-1.41382,-907.891
94125,125,912.415,-1.64098,-912.442
94375,125,916.454,-1.86796,-916.482
94625,125,922.908,-2.09659,-922.939
94875,125,926.949,-2.32544,-926.982
95125,125,930.173,-2.55651,-930.208
95375,125,935.918,-2.78483,-935.955
95625,125,940.026,-3.0036,-940.065
95875,125,943.861,-3.20812,-943.901
96125,125,949.282,-3.40384,-949.325
96375,125,952.95,-3.59499,-952.994
96625,125,956.92,-3.76821,-956.966
96875,125,963.343,-3.92878,-963.39
97125,125,966.817,-4.07391,-966.865
97375,125,970.394,-4.20449,-970.444
97625,125,975.816,-4.32916,-975.867
97875,125,979.522,-4.43545,-979.573
98125,125,983.03,-4.52253,-983.083
98375,125,986.742,-4.59238,-986.796
98625,125,989.56,-4.64573,-989.613
98875,125,992.556,-4.6833,-992.609
99125,125,995.945,-4.7007,-995.999
99375,125,997.414,-4.69835,-997.468
99625,125,999.74,-4.68177,-999.794
99875,125,1003.16,-4.64866,-1003.22
100125,125,1005.56,-4.59776,-1005.61
100375,125,1008.3,-4.53283,-1008.35
100625,125,1011.34,-4.45441,-1011.39
100875,125,1013.73,-4.359,-1013.78
101125,125,1017.66,-4.25464,-1017.71
101375,125,1022.47,-4.14335,-1022.52
101625,125,1024.51,-4.01314,-1024.55
101875,125,1028.44,-3.8713,-1028.49
102125,125,1033.15,-3.73238,-1033.19
102375,125,1035.51,-3.59228,-1035.55
102625,125,1036.74,-3.44499,-1036.78
102875,125,1037.49,-3.29259,-1037.52
103125,125,1038.49,-3.13927,-1038.52
103375,125,1039.49,-2.99227,-1039.52
103625,125,1040.49,-2.84363,-1040.53
103875,125,1041.5,-2.69014,-1041.53
104125,125,1043.82,-2.53025,-1043.84
104375,125,1046.24,-2.36658,-1046.26
104625,125,1047.95,-2.20722,-1047.97
104875,125,1050.19,-2.03688,-1050.21
105125,125,1052.21,-1.85184,-1052.22
105375,125,1053.56,-1.65836,-1053.58
105625,125,1055.51,-1.4535,-1055.53
105875,125,1057.01,-1.24444,-1057.03
106125,125,1057.69,-1.04021,-1057.7
106375,125,1059.29,-0.850859,-1059.3
106625,125,1060.53,-0.679233,-1060.54
106875,125,1061.21,-0.521083,-1061.21
107125,125,1062.54,-0.366783,-1062.55
107375,125,1063.57,-0.215116,-1063.57
107625,125,1064.26,-0.065094,-1064.26
107875,125,1065.62,0.0919733,-1065.62
108125,125,1066.24,0.245289,-1066.23
108375,125,1066.29,0.394702,-1066.28
108625,125,1066.97,0.54998,-1066.96
108875,125,1067.24,0.7042,-1067.23
109125,125,1067.21,0.857602,-1067.2
109375,125,1066.88,1.00438,-1066.87
109625,125,1066.54,1.12076,-1066.53
109875,125,1066.08,1.20794,-1066.06
110125,125,1065.08,1.28885,-1065.06
110375,125,1064.1,1.3757,-1064.08
110625,125,1062.98,1.46537,-1062.96
110875,125,1061.3,1.54994,-1061.28
111125,125,1060.13,1.60796,-1060.11
111375,125,1058.76,1.64316,-1058.74
111625,125,1056.4,1.68195,-1056.38
111875,125,1054.82,1.73151,-1054.8
112125,125,1052.79,1.797,-1052.77
112375,125,1049.4,1.86676,-1049.38
112625,125,1047.46,1.92208,-1047.43
112875,125,1044.14,1.96118,-1044.12
113125,125,1038.04,1.99036,-1038.02
113375,125,1025.56,2.01645,-1025.54
113625,125,1014.6,2.03725,-1014.57
113875,125,1006.78,2.06654,-1006.76
114125,125,1002.17,2.10634,-1002.15
114375,125,995.55,2.14423,-995.53
114625,125,986.444,2.18116,-986.426
114875,125,998.787,2.21705,-998.769
115125,125,1006.37,2.25374,-1006.35
115375,125,1009.22,2.29127,-1009.2
115625,125,1007.41,2.32758,-1007.39
115875,125,1007.4,2.36409,-1007.39
116125,125,1008.28,2.40708,-1008.26
116375,125,1004.53,2.45739,-1004.52
116625,125,1001.47,2.51344,-1001.45
116875,125,998.571,2.57149,-998.558
117125,125,994.211,2.63258,-994.199
117375,125,988.448,2.6984,-988.435
117625,125,981.928,2.7658,-981.916
117875,125,975.148,2.83242,-975.136
118125,125,968.764,2.89901,-968.753
118375,125,962.984,2.96446,-962.974
118625,125,958.593,3.03148,-958.583
118875,125,953.134,3.10008,-953.124
119125,125,947.754,3.17083,-947.745
119375,125,943.331,3.24657,-943.322
119625,125,938.061,3.3223,-938.053
119875,125,933.784,3.39826,-933.776
120125,125,931.749,3.47163,-931.742
120375,125,929.434,3.54429,-929.427
120625,125,927.611,3.62015,-927.605
120875,125,926.61,3.69668,-926.604
121125,125,928.131,3.77074,-928.126
121375,125,929.701,3.84508,-929.696
121625,125,931.056,3.92295,-931.052
121875,125,935.76,3.99984,-935.756
122125,125,939.212,4.0748,-939.209
122375,125,941.344,4.15079,-941.341
122625,125,946.83,4.22837,-946.828
122875,125,950.823,4.30803,-950.822
123125,125,953.589,4.38773,-953.588
123375,125,956.655,4.46585,-956.655
123625,125,958.531,4.54334,-958.531
123875,125,959.426,4.62383,-959.426
124125,125,959.07,4.7006,-959.072
124375,125,977.861,4.76984,-977.862
124625,125,1000.36,4.83602,-1000.36
124875,125,989.256,4.90078,-989.259
125125,125,969.768,4.96369,-969.771
125375,125,950.185,5.02292,-950.19
125625,125,943.394,5.08206,-943.399
125875,125,943.078,5.14826,-943.084
126125,125,945.105,5.2252,-945.112
126375,125,947.462,5.31191,-947.469
126625,125,950.432,5.40221,-950.44
126875,125,957.46,5.48907,-957.469
127125,125,972.793,5.57041,-972.802
127375,125,981.202,5.63158,-981.212
127625,125,993.011,5.67871,-993.022
127875,125,1012.8,5.71158,-1012.81
128125,125,1027.13,5.74292,-1027.14
128375,125,1043.39,5.78922,-1043.4
128625,125,1063.21,5.83768,-1063.22
128875,125,1076.5,5.88511,-1076.52
129125,125,1099.44,5.92643,-1099.45
129375,125,1133.69,5.96149,-1133.7
129625,125,1152.76,5.98288,-1152.77
129875,125,1163.58,5.9989,-1163.59
130125,125,1166.75,6.01859,-1166.76
130375,125,1167.94,6.03755,-1167.96
130625,125,1173.56,6.05697,-1173.58
130875,125,1183.42,6.07739,-1183.44
131125,125,1201.79,6.08929,-1201.81
131375,125,1217.76,6.09504,-1217.78
131625,125,1230.44,6.10977,-1230.46
131875,125,1232.38,6.1276,-1232.4
132125,125,1234.63,6.1403,-1234.64
132375,125,1239.67,6.15506,-1239.68
132625,125,1255.68,6.17158,-1255.7
132875,125,1269.89,6.17824,-1269.9
133125,125,1280.77,6.17898,-1280.79
133375,125,1283.58,6.17234,-1283.59
133625,125,1279.33,6.14361,-1279.35
133875,125,1277.27,6.09328,-1277.29
134125,125,1285.54,6.03279,-1285.56
134375,125,1290.36,5.97104,-1290.38
134625,125,1292.68,5.91196,-1292.7
134875,125,1291.68,5.85525,-1291.7
135125,125,1298.2,5.80046,-1298.22
135375,125,1312.61,5.73809,-1312.63
135625,125,1337.41,5.67284,-1337.42
135875,125,1361.08,5.60673,-1361.09
136125,125,1384.52,5.54266,-1384.53
136375,125,1407.8,5.47884,-1407.81
136625,125,1420.09,5.41064,-1420.1
136875,125,1430.58,5.35136,-1430.59
137125,125,1439.7,5.28605,-1439.72
137375,125,1455.1,5.20756,-1455.12
137625,125,1475.65,5.12706,-1475.67
137875,125,1500.99,5.04583,-1501.01
138125,125,1532.86,4.96038,-1532.87
138375,125,1555.95,4.87416,-1555.97
138625,125,1573.32,4.79054,-1573.33
138875,125,1592.59,4.70636,-1592.61
139125,125,1605.56,4.62134,-1605.58
139375,125,1615.96,4.5389,-1615.98
139625,125,1630.82,4.45529,-1630.83
139875,125,1644.03,4.36604,-1644.04
140125,125,1659.89,4.27895,-1659.9
140375,125,1687.72,4.19565,-1687.73
140625,125,1703.94,4.11419,-1703.95
140875,125,1722.93,4.03954,-1722.94
141125,125,1760.21,3.97615,-1760.23
141375,125,1781.88,3.91068,-1781.89
141625,125,1803.5,3.83649,-1803.51
141875,125,1833.62,3.75901,-1833.63
142125,125,1858.05,3.69265,-1858.06
142375,125,1884.31,3.62627,-1884.32
142625,125,1915.49,3.54553,-1915.51
142875,125,1931.52,3.46522,-1931.53
143125,125,1955.02,3.39197,-1955.03
143375,125,1991.34,3.30902,-1991.35
143625,125,1923.81,3.21873,-1923.82
143875,125,1905.12,3.13953,-1905.13
144125,125,1948.55,3.06328,-1948.56
144375,125,1974.57,2.99663,-1974.58
144625,125,1997.14,2.94045,-1997.15
144875,125,2016.63,2.88434,-2016.65
145125,125,2036.78,2.82602,-2036.79
145375,125,2057.75,2.74396,-2057.76
145625,125,2081.26,2.63017,-2081.27
145875,125,2123.17,2.51545,-2123.18
146125,125,2162.81,2.39643,-2162.82
146375,125,2203.27,2.28007,-2203.28
146625,125,2256.76,2.16761,-2256.77
146875,125,2286.29,2.04785,-2286.3
147125,125,2304.41,1.92543,-2304.42
147375,125,2324.3,1.80063,-2324.31
147625,125,2334.01,1.68858,-2334.03
147875,125,2339.71,1.58043,-2339.72
148125,125,2345.22,1.46305,-2345.24
148375,125,2356.86,1.34595,-2356.87
148625,125,2370.71,1.21868,-2370.72
148875,125,2385.51,1.09419,-2385.52
149125,125,2435.39,0.971501,-2435.4
149375,125,2494.67,0.838882,-2494.68
149625,125,2557.11,0.707994,-2557.12
149875,125,2584.8,0.581666,-2584.81
150125,125,2605.64,0.471974,-2605.65
150375,125,2623.97,0.362124,-2623.98
150625,125,2641.6,0.261101,-2641.61
150875,125,2657.07,0.15922,-2657.08
151125,125,2669.92,0.0403181,-2669.93
151375,125,2679.2,-0.0774512,-2679.21
151625,125,2690.6,-0.186692,-2690.61
151875,125,2704.49,-0.298947,-2704.5
152125,125,2728.54,-0.418436,-2728.55
152375,125,2753.51,-0.522447,-2753.52
152625,125,2780.18,-0.60933,-2780.19
152875,125,2819.53,-0.711854,-2819.54
153125,125,2846.25,-0.823218,-2846.26
153375,125,2865.38,-0.936372,-2865.39
153625,125,2891.91,-1.05805,-2891.92
153875,125,2929.01,-1.17531,-2929.02
154125,125,2971.25,-1.2817,-2971.26
154375,125,3010.02,-1.38781,-3010.03
154625,125,3045.46,-1.49333,-3045.47
154875,125,3078.24,-1.59913,-3078.25
155125,125,3106.78,-1.72644,-3106.79
155375,125,3129.12,-1.85393,-3129.13
155625,125,3148.36,-1.98179,-3148.37
155875,125,3164.95,-2.10445,-3164.96
156125,125,3171.96,-2.2135,-3171.97
156375,125,3174.98,-2.32746,-3174.99
156625,125,3174.82,-2.4437,-3174.83
156875,125,3185.56,-2.5487,-3185.57
157125,125,3201.95,-2.65869,-3201.96
157375,125,3224.59,-2.7724,-3224.6
157625,125,3246.9,-2.88263,-3246.91
157875,125,3270.27,-2.98718,-3270.28
158125,125,3295.16,-3.07936,-3295.17
158375,125,3314.47,-3.18569,-3314.48
158625,125,3328.44,-3.30795,-3328.45
158875,125,3336.74,-3.42397,-3336.75
159125,125,3340.99,-3.5352,-3341.01
159375,125,3348.28,-3.644,-3348.29
159625,125,3358.6,-3.75825,-3358.61
159875,125,3373.55,-3.88336,-3373.56
160125,125,3395.72,-3.99291,-3395.73
160375,125,3425.01,-4.10944,-3425.02
160625,125,3470.24,-4.24141,-3470.25
160875,125,3512.85,-4.35801,-3512.86
161125,125,3551.82,-4.46067,-3551.84
161375,125,3578.82,-4.5587,-3578.83
161625,125,3604.36,-4.65067,-3604.37
161875,125,3628.89,-4.76275,-3628.91
162125,125,3652.23,-4.86785,-3652.25
162375,125,3674.6,-4.97288,-3674.61
162625,125,3695.18,-5.09593,-3695.2
162875,125,3711.42,-5.21583,-3711.44
163125,125,3724.63,-5.32743,-3724.64
163375,125,3736.21,-5.42053,-3736.22
163625,125,3746.05,-5.52214,-3746.07
163875,125,3754.63,-5.6348,-3754.64
164125,125,3764.54,-5.76532,-3764.56
164375,125,3777.55,-5.89213,-3777.57
164625,125,3808.3,-5.99367,-3808.31
164875,125,3845.49,-6.07063,-3845.51
165125,125,3888.5,-6.14505,-3888.51
165375,125,3922.54,-6.24178,-3922.56
165625,125,3944.23,-6.33923,-3944.25
165875,125,3951.47,-6.47239,-3951.48
166125,125,3950.75,-6.60878,-3950.76
166375,125,3954.46,-6.69664,-3954.47
166625,125,3963.1,-6.81127,-3963.11
166875,125,3979.43,-6.92795,-3979.45
167125,125,4003.18,-6.99348,-4003.2
167375,125,4033.42,-7.07252,-4033.44
167625,125,4067.39,-7.19956,-4067.4
167875,125,4091.03,-7.32576,-4091.05
168125,125,4105.47,-7.44892,-4105.49
168375,125,4104.02,-7.62425,-4104.04
168625,125,4102.26,-7.83156,-4102.27
168875,125,4101.52,-8.05631,-4101.54
169125,125,4106.68,-8.29093,-4106.7
169375,125,4128.84,-8.49521,-4128.86
169625,125,4159.19,-8.69923,-4159.21
169875,125,4192.09,-8.91248,-4192.11
170125,125,4228.4,-9.11067,-4228.42
170375,125,4258.33,-9.31259,-4258.35
170625,125,4267.76,-9.52596,-4267.78
170875,125,4274.68,-9.75308,-4274.7
171125,125,4282.22,-9.97645,-4282.24
171375,125,4292.49,-10.2055,-4292.5
171625,125,4299.58,-10.4524,-4299.6
171875,125,4314.21,-10.6623,-4314.23
172125,125,4342.68,-10.8453,-4342.7
172375,125,4376.88,-11.0791,-4376.9
172625,125,4400.67,-11.3479,-4400.69
172875,125,4409.12,-11.5906,-4409.14
173125,125,4408.68,-11.8017,-4408.69
173375,125,4407.28,-12.0487,-4407.3
173625,125,4405.41,-12.2676,-4405.43
173875,125,4402.84,-12.4404,-4402.86
174125,125,4401.16,-12.6335,-4401.18
174375,125,4400.13,-12.8366,-4400.15
174625,125,4394.8,-13.0513,-4394.82
174875,125,4390.67,-13.2618,-4390.69
175125,125,4387.53,-13.46,-4387.55
175375,125,4385.41,-13.6512,-4385.43
175625,125,4384.45,-13.8716,-4384.47
175875,125,4385.18,-14.1041,-4385.2
176125,125,4391.69,-14.3364,-4391.71
176375,125,4394.82,-14.5693,-4394.84
176625,125,4396.15,-14.7841,-4396.17
176875,125,4396.91,-14.9886,-4396.93
177125,125,4400.01,-15.1688,-4400.03
177375,125,4402.58,-15.3532,-4402.6
177625,125,4400.69,-15.5467,-4400.71
177875,125,4399.31,-15.7107,-4399.34
178125,125,4397.77,-15.8912,-4397.79
178375,125,4395.45,-16.0917,-4395.47
178625,125,4398.11,-16.2831,-4398.13
178875,125,4400.74,-16.4653,-4400.76
179125,125,4401.23,-16.6486,-4401.25
179375,125,4400.54,-16.8383,-4400.56
179625,125,4400.47,-17.0199,-4400.49
179875,125,4401.63,-17.2326,-4401.66
180125,125,4402.17,-17.4574,-4402.19
180375,125,4400.34,-17.6824,-4400.37
180625,125,4395.63,-17.9338,-4395.65
180875,125,4381.9,-18.1444,-4381.92
181125,125,4377.76,-18.341,-4377.78
181375,125,4383.71,-18.5304,-4383.73
181625,125,4389.54,-18.738,-4389.56
181875,125,4400.42,-18.9773,-4400.45
182125,125,4414.85,-19.1967,-4414.88
182375,125,4420,-19.3955,-4420.03
182625,125,4421.96,-19.5814,-4421.98
182875,125,4422.04,-19.7555,-4422.07
183125,125,4424.34,-19.9127,-4424.36
183375,125,4423.49,-20.0901,-4423.51
183625,125,4420.18,-20.2392,-4420.21
183875,125,4413.33,-20.4055,-4413.36
184125,125,4416.03,-20.6481,-4416.05
184375,125,4421.65,-20.8986,-4421.68
184625,125,4422.77,-21.1089,-4422.8
184875,125,4451.21,-21.2873,-4451.23
185125,125,4486.87,-21.4809,-4486.9
185375,125,4516.69,-21.6977,-4516.71
185625,125,4524.59,-21.9061,-4524.61
185875,125,4525.17,-22.0854,-4525.19
186125,125,4522.23,-22.2602,-4522.25
186375,125,4525.67,-22.4568,-4525.69
186625,125,4528.02,-22.6528,-4528.04
186875,125,4526.52,-22.8628,-4526.55
187125,125,4526.15,-23.1003,-4526.17
187375,125,4523.94,-23.3594,-4523.96
187625,125,4519.01,-23.6137,-4519.03
187875,125,4521.27,-23.8113,-4521.3
188125,125,4520.15,-23.9522,-4520.18
188375,125,4514.73,-24.0875,-4514.75
188625,125,4528.58,-24.2939,-4528.61
188875,125,4538.19,-24.5031,-4538.22
189125,125,4543.8,-24.6896,-4543.83
189375,125,4549.82,-24.9059,-4549.84
189625,125,4559.67,-25.1007,-4559.7
189875,125,4571.87,-25.2841,-4571.89
190125,125,4578.75,-25.4628,-4578.78
190375,125,4576.41,-25.6592,-4576.43
190625,125,4568.68,-25.8684,-4568.7
190875,125,4562.64,-26.0663,-4562.66
191125,125,4557.08,-26.2821,-4557.1
191375,125,4565.95,-26.4809,-4565.97
191625,125,4633.59,-26.6858,-4633.61
191875,125,4659.88,-26.9162,-4659.91
192125,125,4671.81,-27.1224,-4671.84
192375,125,4689.18,-27.256,-4689.21
192625,125,4710.98,-27.3961,-4711.01
192875,125,4735.2,-27.556,-4735.23
193125,125,4762.01,-27.6823,-4762.04
193375,125,4792.07,-27.7443,-4792.1
193625,125,4820.19,-27.7675,-4820.22
193875,125,4843.24,-27.8496,-4843.27
194125,125,4860.62,-27.9492,-4860.65
194375,125,4877.17,-28.0626,-4877.2
194625,125,4893.75,-28.1943,-4893.78
194875,125,4908.55,-28.2706,-4908.58
195125,125,4923.46,-28.3319,-4923.49
195375,125,4938.7,-28.4633,-4938.74
195625,125,4959.77,-28.6641,-4959.8
195875,125,4986.18,-28.7983,-4986.21
196125,125,5017.7,-28.917,-5017.73
196375,125,5040.26,-29.1,-5040.29
196625,125,5058.19,-29.2973,-5058.22
196875,125,5071.85,-29.5251,-5071.89
197125,125,5080.26,-29.7572,-5080.29
197375,125,5090.96,-30.0023,-5091
197625,125,5104.22,-30.241,-5104.26
197875,125,5124.78,-30.3781,-5124.81
198125,125,5145.83,-30.4242,-5145.87
198375,125,5167.71,-30.4979,-5167.75
198625,125,5192.26,-30.591,-5192.3
198875,125,5212.17,-30.697,-5212.21
199125,125,5229.21,-30.8389,-5229.25
199375,125,5243.33,-30.8842,-5243.37
199625,125,5257.77,-30.7816,-5257.81
199875,125,5274.36,-30.6607,-5274.4
200125,125,5296.43,-30.586,-5296.47
200375,125,5317.09,-30.509,-5317.13
200625,125,5340.35,-30.3903,-5340.39
200875,125,5369.93,-30.3401,-5369.98
201125,125,5396.98,-30.3508,-5397.02
201375,125,5423.27,-30.3372,-5423.32
201625,125,5449.08,-30.2895,-5449.12
201875,125,5466.5,-30.238,-5466.54
202125,125,5485.97,-30.196,-5486.02
202375,125,5509.66,-30.1211,-5509.71
202625,125,5539.57,-30.0143,-5539.62
202875,125,5571.68,-29.9598,-5571.72
203125,125,5605.85,-30.0003,-5605.9
203375,125,5638.7,-30.0489,-5638.75
203625,125,5673.21,-30.0593,-5673.25
203875,125,5708.79,-30.0985,-5708.84
204125,125,5734.58,-30.146,-5734.63
204375,125,5762.4,-30.0917,-5762.44
204625,125,5796.69,-30.0743,-5796.74
204875,125,5878.53,-30.1709,-5878.58
205125,125,5959.77,-30.2723,-5959.82
205375,125,6038.12,-30.2732,-6038.17
205625,125,6101.58,-30.1646,-6101.63
205875,125,6155.89,-30.0876,-6155.94
206125,125,6205.51,-30.0421,-6205.56
206375,125,6254.44,-30.0445,-6254.49
206625,125,6308.45,-30.0999,-6308.5
206875,125,6355.84,-30.0895,-6355.89
207125,125,6376.61,-30.0584,-6376.66
207375,125,6406.86,-30.021,-6406.92
207625,125,6424.64,-29.9765,-6424.7
207875,125,6405.73,-29.9114,-6405.79
208125,125,6394.26,-29.8463,-6394.32
208375,125,6394.27,-29.8256,-6394.32
208625,125,6412.99,-29.7727,-6413.05
208875,125,6435.39,-29.7164,-6435.45
209125,125,6461.25,-29.7535,-6461.31
209375,125,6491.59,-29.7287,-6491.65
209625,125,6512.97,-29.5829,-6513.02
209875,125,6530.62,-29.4651,-6530.68
210125,125,6544.61,-29.3971,-6544.67
210375,125,6466.83,-29.3752,-6466.88
210625,125,6423.11,-29.3679,-6423.17
210875,125,6417.52,-29.3724,-6417.58
211125,125,6428.83,-29.4455,-6428.9
211375,125,6426.46,-29.5085,-6426.52
211625,125,6413,-29.6258,-6413.06
211875,125,6404.53,-29.7913,-6404.59
212125,125,6412.17,-29.9148,-6412.23
212375,125,6432.89,-30.0322,-6432.95
212625,125,6468.94,-30.0633,-6469.01
212875,125,6492.26,-30.0667,-6492.32
213125,125,6507.46,-30.073,-6507.53
213375,125,6517.36,-30.0515,-6517.42
213625,125,6538.38,-29.9496,-6538.44
213875,125,6567.06,-29.7983,-6567.13
214125,125,6605.63,-29.6407,-6605.69
214375,125,6644.5,-29.5039,-6644.57
214625,125,6680.35,-29.4445,-6680.42
214875,125,6707.69,-29.4033,-6707.75
215125,125,6735.79,-29.3937,-6735.86
215375,125,6765.1,-29.3678,-6765.17
215625,125,6796.57,-29.3181,-6796.63
215875,125,6823.75,-29.3021,-6823.82
216125,125,6848.25,-29.2815,-6848.32
216375,125,6869.52,-29.3456,-6869.59
216625,125,6884.09,-29.5072,-6884.16
216875,125,6895.3,-29.6026,-6895.37
217125,125,6902.95,-29.5446,-6903.02
217375,125,6917.52,-29.4853,-6917.58
217625,125,6938.95,-29.5723,-6939.02
217875,125,6967.68,-29.6873,-6967.75
218125,125,6992.12,-29.7251,-6992.19
218375,125,7011.98,-29.7526,-7012.05
218625,125,7027.57,-29.7568,-7027.64
218875,125,7042.27,-29.744,-7042.34
219125,125,7056.26,-29.7544,-7056.33
219375,125,7069.03,-29.7946,-7069.1
219625,125,7075.28,-29.9082,-7075.36
219875,125,7075.52,-29.9648,-7075.59
220125,125,7071.39,-29.9137,-7071.46
220375,125,7063.31,-29.9137,-7063.39
220625,125,7057.1,-29.9199,-7057.17
220875,125,7053.38,-29.8463,-7053.46
221125,125,7056.22,-29.7883,-7056.3
221375,125,7076.25,-29.8237,-7076.32
221625,125,7100.42,-29.859,-7100.5
221875,125,7116.71,-29.7944,-7116.78
222125,125,7118.09,-29.7256,-7118.17
222375,125,7111.18,-29.6285,-7111.26
222625,125,7095.09,-29.538,-7095.17
222875,125,7094.45,-29.579,-7094.53
223125,125,7106.23,-29.579,-7106.3
223375,125,7135.15,-29.5158,-7135.23
223625,125,7156.84,-29.4485,-7156.92
223875,125,7167.77,-29.328,-7167.84
224125,125,7163.84,-29.1777,-7163.92
224375,125,7148.13,-28.9669,-7148.2
224625,125,7130.44,-28.737,-7130.52
224875,125,7111.58,-28.5148,-7111.65
225125,125,7101.54,-28.3508,-7101.61
225375,125,7107.34,-28.2109,-7107.41
225625,125,7129.08,-28.0518,-7129.16
225875,125,7152.13,-27.9513,-7152.21
226125,125,7164.89,-27.8439,-7164.97
226375,125,7168.52,-27.6844,-7168.6
226625,125,7165.28,-27.5641,-7165.35
226875,125,7161.59,-27.575,-7161.67
227125,125,7158.21,-27.6063,-7158.28
227375,125,7159.17,-27.5168,-7159.25
227625,125,7157.83,-27.3688,-7157.91
227875,125,7155.46,-27.165,-7155.53
228125,125,7154.23,-26.9947,-7154.31
228375,125,7157.27,-26.7728,-7157.35
228625,125,7163.35,-26.4041,-7163.43
228875,125,7173.56,-26.1276,-7173.64
229125,125,7233.45,-26.0302,-7233.53
229375,125,7287.82,-25.9701,-7287.9
229625,125,7280.97,-25.8669,-7281.05
229875,125,7310.69,-25.7559,-7310.76
230125,125,7347.2,-25.649,-7347.28
230375,125,7378.05,-25.5507,-7378.13
230625,125,7397.7,-25.4635,-7397.78
230875,125,7410.76,-25.3312,-7410.84
231125,125,7416.11,-25.1632,-7416.19
231375,125,7416.71,-25.1107,-7416.79
231625,125,7421.44,-25.0703,-7421.52
231875,125,7432.68,-25.0198,-7432.76
232125,125,7450.33,-25.0608,-7450.41
232375,125,7476.83,-24.9963,-7476.91
232625,125,7512.91,-24.8419,-7512.99
232875,125,7540.03,-24.7321,-7540.12
233125,125,7565.81,-24.5682,-7565.89
233375,125,7591.09,-24.4147,-7591.17
233625,125,7631.52,-24.2699,-7631.6
233875,125,7667.97,-24.1083,-7668.05
234125,125,7701.57,-23.938,-7701.65
234375,125,7736.52,-23.7943,-7736.6
234625,125,7749.3,-23.7822,-7749.38
234875,125,7747.78,-23.8236,-7747.87
235125,125,7742.29,-23.7991,-7742.37
235375,125,7741.69,-23.7214,-7741.77
235625,125,7743.24,-23.6856,-7743.33
235875,125,7743.74,-23.6112,-7743.82
236125,125,7747.93,-23.4934,-7748.01
236375,125,7752.58,-23.3517,-7752.66
236625,125,7754.18,-23.234,-7754.27
236875,125,7761.26,-23.1562,-7761.34
237125,125,7767.3,-23.0377,-7767.38
237375,125,7766.91,-23.0014,-7767
237625,125,7756.49,-23.0278,-7756.57
237875,125,7735.3,-23.1179,-7735.38
238125,125,7697.83,-23.1369,-7697.92
238375,125,7662.36,-22.9984,-7662.44
238625,125,7630.04,-22.8717,-7630.12
238875,125,7602.1,-22.7666,-7602.19
239125,125,7581.48,-22.6508,-7581.56
239375,125,7558.57,-22.5572,-7558.65
239625,125,7532,-22.395,-7532.08
239875,125,7505.87,-22.1535,-7505.95
240125,125,7480.25,-21.956,-7480.33
240375,125,7455.22,-21.7943,-7455.3
240625,125,7433.67,-21.7105,-7433.75
240875,125,7414.95,-21.7567,-7415.03
241125,125,7398.76,-21.782,-7398.84
241375,125,7384.67,-21.7255,-7384.75
241625,125,7371.07,-21.6266,-7371.15
241875,125,7357.83,-21.4624,-7357.91
242125,125,7344.79,-21.2823,-7344.87
242375,125,7330.11,-21.091,-7330.19
242625,125,7315.77,-20.9188,-7315.85
242875,125,7307.58,-20.7359,-7307.66
243125,125,7295.62,-20.5531,-7295.7
243375,125,7281.35,-20.3562,-7281.43
243625,125,7264.74,-20.2095,-7264.82
243875,125,7241.05,-20.1797,-7241.13
244125,125,7218.11,-20.0626,-7218.19
244375,125,7203.84,-19.8463,-7203.92
244625,125,7185.43,-19.6762,-7185.51
244875,125,7167.27,-19.5615,-7167.35
245125,125,7151.9,-19.4788,-7151.99
245375,125,7134.11,-19.4475,-7134.19
245625,125,7122.32,-19.4397,-7122.4
245875,125,7121.54,-19.3705,-7121.62
246125,125,7109.85,-19.2251,-7109.93
246375,125,7093.88,-19.0778,-7093.96
246625,125,7073.74,-18.9432,-7073.82
246875,125,7058.78,-18.8106,-7058.86
247125,125,7045.38,-18.6977,-7045.46
247375,125,7033.38,-18.5626,-7033.46
247625,125,7022.73,-18.4475,-7022.81
247875,125,7012.08,-18.3653,-7012.16
248125,125,7001.44,-18.2417,-7001.52
248375,125,6990.77,-18.0845,-6990.85
248625,125,6979.34,-17.9213,-6979.42
248875,125,6966.71,-17.781,-6966.79
249125,125,6947.93,-17.6877,-6948.01
249375,125,6932.1,-17.5309,-6932.18
249625,125,6918.47,-17.3205,-6918.55
249875,125,6907.18,-17.1452,-6907.26
250125,125,6897.48,-16.9713,-6897.56
250375,125,6888.41,-16.8768,-6888.49
250625,125,6879.63,-16.8209,-6879.71
250875,125,6862.7,-16.6452,-6862.78
251125,125,6846.65,-16.4621,-6846.73
251375,125,6843.16,-16.3019,-6843.24
251625,125,6839.32,-16.1013,-6839.4
251875,125,6837.16,-15.8951,-6837.24
252125,125,6839.29,-15.6471,-6839.37
252375,125,6844.3,-15.4099,-6844.38
252625,125,6856.07,-15.2961,-6856.15
252875,125,6879.52,-15.1888,-6879.6
253125,125,6897.57,-15.0424,-6897.65
253375,125,6907.62,-14.9626,-6907.7
253625,125,6906.62,-14.8892,-6906.7
253875,125,6905.29,-14.7826,-6905.37
254125,125,6903.73,-14.6795,-6903.81
254375,125,6901.93,-14.5223,-6902.01
254625,125,6901.31,-14.3164,-6901.39
254875,125,6900.82,-14.149,-6900.9
255125,125,6900.46,-14.0207,-6900.54
255375,125,6901.07,-13.8359,-6901.15
255625,125,6900.05,-13.6733,-6900.13
255875,125,6897.54,-13.5773,-6897.62
256125,125,6893.44,-13.4927,-6893.52
256375,125,6887.37,-13.3936,-6887.45
256625,125,6880.18,-13.2483,-6880.26
256875,125,6874.76,-13.1082,-6874.83
257125,125,6867.59,-13.0254,-6867.66
257375,125,6858.99,-12.9655,-6859.06
257625,125,6848.11,-12.8107,-6848.18
257875,125,6833.64,-12.5859,-6833.72
258125,125,6817.7,-12.4578,-6817.78
258375,125,6802.14,-12.3967,-6802.22
258625,125,6787.85,-12.2283,-6787.93
258875,125,6773.73,-11.9966,-6773.81
259125,125,6758.88,-11.7636,-6758.96
259375,125,6744.85,-11.6135,-6744.93
259625,125,6732.24,-11.5389,-6732.32
259875,125,6722.21,-11.3882,-6722.28
260125,125,6707.18,-11.1974,-6707.25
260375,125,6689.73,-11.072,-6689.8
260625,125,6669.71,-10.9064,-6669.78
260875,125,6646.8,-10.7185,-6646.88
261125,125,6631.89,-10.5125,-6631.96
261375,125,6628.5,-10.2759,-6628.57
261625,125,6622.18,-10.1554,-6622.25
261875,125,6614.92,-10.1,-6614.99
262125,125,6606.78,-10.0542,-6606.86
262375,125,6600,-10.0192,-6600.07
262625,125,6592.51,-10.0026,-6592.59
262875,125,6584.33,-10.0825,-6584.4
263125,125,6575.16,-10.1682,-6575.24
263375,125,6566.38,-10.1114,-6566.45
263625,125,6557.8,-9.98808,-6557.87
263875,125,6548.31,-9.92579,-6548.38
264125,125,6540.29,-9.93404,-6540.37
264375,125,6532.6,-10.0133,-6532.67
264625,125,6521.36,-10.1037,-6521.43
264875,125,6509.65,-10.2145,-6509.72
265125,125,6497.33,-10.3631,-6497.4
265375,125,6483.45,-10.4702,-6483.52
265625,125,6468.8,-10.5091,-6468.87
265875,125,6453.67,-10.5062,-6453.74
266125,125,6437.95,-10.5275,-6438.02
266375,125,6423.19,-10.4788,-6423.26
266625,125,6409.23,-10.3469,-6409.3
266875,125,6396.48,-10.2245,-6396.54
267125,125,6386.37,-10.1475,-6386.44
267375,125,6378.16,-10.108,-6378.23
267625,125,6372.45,-9.99855,-6372.51
267875,125,6364.35,-9.82022,-6364.41
268125,125,6356.84,-9.64589,-6356.91
268375,125,6350.8,-9.45356,-6350.87
268625,125,6346.67,-9.24929,-6346.73
268875,125,6344.82,-9.07147,-6344.88
269125,125,6345.62,-8.9921,-6345.69
269375,125,6344.58,-8.95391,-6344.65
269625,125,6344.37,-8.88176,-6344.43
269875,125,6345,-8.8945,-6345.07
270125,125,6343.68,-8.94822,-6343.74
270375,125,6341.41,-8.94378,-6341.47
270625,125,6338.22,-8.93558,-6338.28
270875,125,6333.41,-8.94126,-6333.47
271125,125,6328.8,-8.93137,-6328.86
271375,125,6323.82,-8.93866,-6323.88
271625,125,6315.23,-8.91261,-6315.29
271875,125,6308.75,-8.84523,-6308.81
272125,125,6305.15,-8.82997,-6305.21
272375,125,6310.02,-8.86543,-6310.08
272625,125,6317.33,-8.86792,-6317.39
272875,125,6326.95,-8.81195,-6327
273125,125,6340.93,-8.74135,-6340.98
273375,125,6352.89,-8.64706,-6352.95
273625,125,6362.73,-8.57531,-6362.79
273875,125,6368.72,-8.47459,-6368.77
274125,125,6357.87,-8.38777,-6357.92
274375,125,6343.41,-8.33639,-6343.46
274625,125,6330.53,-8.32419,-6330.58
274875,125,6322.25,-8.38556,-6322.31
275125,125,6314.58,-8.45186,-6314.63
275375,125,6306.47,-8.45837,-6306.53
275625,125,6288.84,-8.46152,-6288.89
275875,125,6278.8,-8.44558,-6278.85
276125,125,6280.84,-8.3529,-6280.89
276375,125,6281.49,-8.29726,-6281.55
276625,125,6281.13,-8.19328,-6281.19
276875,125,6279.71,-8.08852,-6279.77
277125,125,6286.71,-8.01596,-6286.76
277375,125,6292.77,-7.88894,-6292.82
277625,125,6297.83,-7.72406,-6297.88
277875,125,6300.48,-7.56598,-6300.52
278125,125,6301.19,-7.38235,-6301.24
278375,125,6300.36,-7.19413,-6300.41
278625,125,6298.65,-7.11219,-6298.7
278875,125,6294.2,-7.00247,-6294.25
279125,125,6287.88,-6.82791,-6287.92
279375,125,6280.42,-6.67482,-6280.47
279625,125,6272.79,-6.50547,-6272.83
279875,125,6265.38,-6.39243,-6265.43
280125,125,6259.28,-6.36911,-6259.33
280375,125,6252.16,-6.32702,-6252.21
280625,125,6244.47,-6.25083,-6244.51
280875,125,6236.24,-6.15837,-6236.28
281125,125,6227.26,-6.06912,-6227.3
281375,125,6216.21,-5.96697,-6216.25
281625,125,6200.71,-5.91497,-6200.75
281875,125,6181.59,-5.93893,-6181.63
282125,125,6164.32,-5.90578,-6164.37
282375,125,6152.12,-5.83748,-6152.16
282625,125,6142.53,-5.78047,-6142.57
282875,125,6133.2,-5.72309,-6133.24
283125,125,6123.68,-5.63208,-6123.72
283375,125,6114.22,-5.53232,-6114.26
283625,125,6102.76,-5.42647,-6102.8
283875,125,6088.82,-5.30134,-6088.86
284125,125,6077.22,-5.17122,-6077.26
284375,125,6067.24,-5.04035,-6067.28
284625,125,6058.98,-4.91944,-6059.02
284875,125,6057.66,-4.85966,-6057.7
285125,125,6058.34,-4.86085,-6058.38
285375,125,6060.72,-4.80808,-6060.76
285625,125,6063.44,-4.74951,-6063.47
285875,125,6067.18,-4.72207,-6067.22
286125,125,6071.68,-4.66759,-6071.72
286375,125,6076.49,-4.65912,-6076.52
286625,125,6081.3,-4.65479,-6081.33
286875,125,6086.04,-4.52597,-6086.07
287125,125,6090.43,-4.32364,-6090.46
287375,125,6094.31,-4.17557,-6094.34
287625,125,6097.66,-4.1232,-6097.69
287875,125,6099.95,-4.07122,-6099.98
288125,125,6100.51,-3.96605,-6100.55
288375,125,6100.49,-3.79589,-6100.52
288625,125,6100.49,-3.64043,-6100.52
288875,125,6099.67,-3.59542,-6099.7
289125,125,6098.53,-3.56432,-6098.56
289375,125,6097.14,-3.49555,-6097.17
289625,125,6094.61,-3.40451,-6094.64
289875,125,6091.24,-3.25253,-6091.27
290125,125,6086.82,-3.0372,-6086.85
290375,125,6081.79,-2.7932,-6081.82
290625,125,6077.13,-2.55556,-6077.15
290875,125,6073.06,-2.37389,-6073.09
291125,125,6068.99,-2.25299,-6069.02
291375,125,6065.09,-2.03079,-6065.12
291625,125,6061.38,-1.7405,-6061.4
291875,125,6057.64,-1.48057,-6057.66
292125,125,6053.54,-1.20518,-6053.56
292375,125,6049.12,-0.93717,-6049.14
292625,125,6044.7,-0.69121,-6044.72
292875,125,6039.5,-0.431814,-6039.52
293125,125,6033.44,-0.156268,-6033.46
293375,125,6024.66,0.135113,-6024.68
293625,125,6017.54,0.469009,-6017.56
293875,125,6010.1,0.684668,-6010.11
294125,125,5994.71,0.800792,-5994.72
294375,125,5996.16,0.96822,-5996.17
294625,125,6001.08,1.1208,-6001.1
294875,125,5985.91,1.30114,-5985.92
295125,125,5985.77,1.5077,-5985.78
295375,125,5986.49,1.69964,-5986.49
295625,125,5971.73,1.90921,-5971.74
295875,125,5968.5,2.10388,-5968.51
296125,125,5969.82,2.30837,-5969.82
296375,125,5973.72,2.51491,-5973.73
296625,125,5974.48,2.71397,-5974.48
296875,125,5971.99,2.90707,-5971.99
297125,125,5964.63,3.0972,-5964.63
297375,125,5977.51,3.2989,-5977.51
297625,125,5985.07,3.48614,-5985.07
297875,125,5979.81,3.69916,-5979.81
298125,125,5978.79,3.90718,-5978.79
298375,125,5976.6,4.12293,-5976.59
298625,125,5972.47,4.38168,-5972.46
298875,125,5973.43,4.6327,-5973.43
299125,125,5970.42,4.91069,-5970.41
299375,125,5963.31,5.24393,-5963.31
299625,125,5964.15,5.58948,-5964.14
299875,125,5962.81,5.9457,-5962.8
300125,125,5959.98,6.24292,-5959.97
300375,125,5961.7,6.45445,-5961.69
300625,125,5957.69,6.61806,-5957.68
300875,125,5950.97,6.7199,-5950.95
301125,125,5952.94,6.84895,-5952.92
301375,125,5948.25,7.034,-5948.24
301625,125,5938.8,7.2105,-5938.78
301875,125,5923.95,7.33475,-5923.93
302125,125,5912.11,7.39199,-5912.09
302375,125,5903.05,7.49738,-5903.03
302625,125,5899.21,7.58944,-5899.19
302875,125,5897.17,7.68491,-5897.15
303125,125,5893.73,7.85287,-5893.71
303375,125,5884.78,8.05554,-5884.75
303625,125,5872.17,8.26741,-5872.14
303875,125,5863.4,8.41646,-5863.38
304125,125,5864.86,8.53138,-5864.83
304375,125,5864.51,8.60147,-5864.48
304625,125,5862.78,8.74737,-5862.75
304875,125,5859.26,8.99177,-5859.23
305125,125,5830.07,9.22957,-5830.04
305375,125,5808.72,9.46716,-5808.69
305625,125,5802.43,9.66964,-5802.4
305875,125,5806.56,9.83954,-5806.53
306125,125,5806.52,9.97479,-5806.48
306375,125,5801.06,10.086,-5801.02
306625,125,5811.95,10.1572,-5811.91
306875,125,5810.72,10.2347,-5810.68
307125,125,5799.18,10.3134,-5799.14
307375,125,5808.67,10.4096,-5808.63
307625,125,5812.04,10.5763,-5812
307875,125,5811.28,10.7152,-5811.23
308125,125,5815.25,10.8503,-5815.2
308375,125,5818.02,10.9619,-5817.97
308625,125,5817.63,11.0763,-5817.58
308875,125,5802.88,11.2419,-5802.83
309125,125,5801.32,11.4254,-5801.27
309375,125,5803.85,11.5696,-5803.8
309625,125,5796.42,11.6855,-5796.37
309875,125,5791.13,11.8077,-5791.08
310125,125,5786.46,11.9505,-5786.41
310375,125,5781.14,12.104,-5781.09
310625,125,5772.76,12.2493,-5772.7
310875,125,5763.46,12.4184,-5763.4
311125,125,5754.17,12.5853,-5754.11
311375,125,5733.25,12.7429,-5733.19
311625,125,5721.15,12.9051,-5721.09
311875,125,5730.68,13.0624,-5730.62
312125,125,5721.22,13.2289,-5721.16
312375,125,5711.43,13.3853,-5711.37
312625,125,5705.49,13.5813,-5705.42
312875,125,5701.15,13.7365,-5701.09
313125,125,5695.88,13.8613,-5695.82
313375,125,5689.27,14.0435,-5689.2
313625,125,5682.24,14.206,-5682.18
313875,125,5678.29,14.4085,-5678.22
314125,125,5677.51,14.5807,-5677.44
314375,125,5677.87,14.7502,-5677.8
314625,125,5673.8,14.9953,-5673.73
314875,125,5666.6,15.2357,-5666.52
315125,125,5667.17,15.4415,-5667.1
315375,125,5662.53,15.6625,-5662.46
315625,125,5654.51,15.8755,-5654.44
315875,125,5647.8,16.0411,-5647.72
316125,125,5646.8,16.2163,-5646.73
316375,125,5648.44,16.392,-5648.36
316625,125,5647.51,16.5594,-5647.43
316875,125,5649.53,16.7305,-5649.45
317125,125,5652.28,16.9395,-5652.2
317375,125,5652.95,17.1795,-5652.87
317625,125,5656.37,17.4371,-5656.29
317875,125,5673.86,17.7494,-5673.77
318125,125,5726.91,18.1113,-5726.83
318375,125,5725.77,18.4958,-5725.68
318625,125,5709.02,18.8542,-5708.93
318875,125,5688.9,19.1925,-5688.82
319125,125,5680.4,19.5414,-5680.31
319375,125,5672.77,19.8859,-5672.68
319625,125,5662.99,20.2533,-5662.9
319875,125,5652.66,20.5658,-5652.57
320125,125,5642.54,20.8433,-5642.45
320375,125,5632.83,21.1178,-5632.74
320625,125,5622.26,21.4387,-5622.17
320875,125,5613.76,21.779,-5613.67
321125,125,5607.66,22.0474,-5607.56
321375,125,5603,22.3349,-5602.91
321625,125,5592.06,22.6962,-5591.97
321875,125,5575.55,23.0196,-5575.45
322125,125,5564.28,23.2148,-5564.19
322375,125,5559.71,23.4227,-5559.61
322625,125,5560.14,23.7205,-5560.04
322875,125,5560.11,24.0297,-5560.01
323125,125,5561.12,24.3333,-5561.02
323375,125,5562.74,24.6442,-5562.64
323625,125,5564.19,24.9249,-5564.09
323875,125,5567.37,25.2336,-5567.27
324125,125,5571.47,25.515,-5571.36
324375,125,5575.79,25.7777,-5575.69
324625,125,5579.7,26.1193,-5579.6
324875,125,5583.54,26.4296,-5583.43
325125,125,5587.64,26.7016,-5587.53
325375,125,5594.3,26.98,-5594.19
325625,125,5600.55,27.2401,-5600.45
325875,125,5604.01,27.4482,-5603.9
326125,125,5604.95,27.5826,-5604.84
326375,125,5604.95,27.7119,-5604.84
326625,125,5604.21,27.854,-5604.1
326875,125,5606.39,28.0214,-5606.27
327125,125,5610.53,28.1702,-5610.42
327375,125,5617.02,28.2655,-5616.91
327625,125,5618.58,28.3821,-5618.47
327875,125,5618.58,28.5306,-5618.46
328125,125,5617.16,28.6689,-5617.04
328375,125,5615.96,28.806,-5615.84
328625,125,5612.88,28.9315,-5612.77
328875,125,5607.92,29.0306,-5607.8
329125,125,5605.12,29.1177,-5605
329375,125,5603.58,29.2343,-5603.46
329625,125,5603,29.4027,-5602.88
329875,125,5601.2,29.5574,-5601.08
330125,125,5601.19,29.7036,-5601.07
330375,125,5603.88,29.8324,-5603.76
330625,125,5617.34,29.9818,-5617.21
330875,125,5626.06,30.1912,-5625.94
331125,125,5630.44,30.4622,-5630.31
331375,125,5626.35,30.7709,-5626.22
331625,125,5626.1,31.0422,-5625.97
331875,125,5626.43,31.2753,-5626.3
332125,125,5622.82,31.4927,-5622.69
332375,125,5622.9,31.6485,-5622.77
332625,125,5624.58,31.833,-5624.45
332875,125,5627.13,32.1547,-5627
333125,125,5631.27,32.477,-5631.14
333375,125,5633.72,32.8185,-5633.59
333625,125,5631.68,33.1738,-5631.55
333875,125,5641.76,33.4202,-5641.62
334125,125,5650.29,33.6789,-5650.16
334375,125,5652.39,33.9159,-5652.26
334625,125,5661.13,34.145,-5660.99
334875,125,5667.55,34.3742,-5667.42
335125,125,5669.69,34.5983,-5669.55
335375,125,5674.29,34.8192,-5674.15
335625,125,5680.03,35.0474,-5679.89
335875,125,5686.91,35.2966,-5686.77
336125,125,5684.48,35.5516,-5684.34
336375,125,5684.04,35.8251,-5683.9
336625,125,5685.87,36.0304,-5685.73
336875,125,5695.71,36.2191,-5695.57
337125,125,5701.2,36.3845,-5701.06
337375,125,5703.34,36.5926,-5703.19
337625,125,5704.89,36.8324,-5704.75
337875,125,5707.22,37.019,-5707.07
338125,125,5710.17,37.2305,-5710.03
338375,125,5713.99,37.4594,-5713.84
338625,125,5714.59,37.6862,-5714.45
338875,125,5715.85,37.871,-5715.7
339125,125,5726.38,37.9879,-5726.23
339375,125,5729.52,38.0984,-5729.37
339625,125,5731.31,38.191,-5731.16
339875,125,5737.8,38.3023,-5737.64
340125,125,5740.83,38.4335,-5740.68
340375,125,5741.58,38.5126,-5741.43
340625,125,5739.32,38.6088,-5739.17
340875,125,5738.12,38.6243,-5737.96
341125,125,5738.07,38.5266,-5737.92
341375,125,5739.79,38.4545,-5739.64
341625,125,5739.36,38.3401,-5739.21
341875,125,5738.93,38.1439,-5738.77
342125,125,5738.96,37.9505,-5738.81
342375,125,5754.24,37.8023,-5754.09
342625,125,5766.46,37.5943,-5766.31
342875,125,5773.18,37.4099,-5773.02
343125,125,5761.99,37.2876,-5761.84
343375,125,5754.81,37.125,-5754.65
343625,125,5752.52,36.9313,-5752.36
343875,125,5761.59,36.7515,-5761.44
344125,125,5766.3,36.5628,-5766.15
344375,125,5767.54,36.3289,-5767.39
344625,125,5771.13,36.1678,-5770.98
344875,125,5771.87,36.0129,-5771.72
345125,125,5770.64,35.8184,-5770.48
345375,125,5769.12,35.6935,-5768.97
345625,125,5771.18,35.605,-5771.03
345875,125,5776.19,35.4768,-5776.04
346125,125,5785.94,35.3226,-5785.79
346375,125,5792.12,35.1303,-5791.97
346625,125,5795.77,34.9098,-5795.62
346875,125,5795.99,34.7427,-5795.84
347125,125,5791.39,34.5709,-5791.24
347375,125,5786.52,34.3975,-5786.37
347625,125,5785.42,34.2447,-5785.27
347875,125,5782.63,34.0631,-5782.48
348125,125,5782.26,33.8706,-5782.11
348375,125,5787.97,33.6816,-5787.82
348625,125,5793.75,33.5095,-5793.6
348875,125,5795.59,33.342,-5795.44
349125,125,5790.71,33.134,-5790.56
349375,125,5790.46,32.9314,-5790.31
349625,125,5791.75,32.7391,-5791.6
349875,125,5794.43,32.5953,-5794.28
350125,125,5796.2,32.47,-5796.05
350375,125,5797.12,32.3624,-5796.97
350625,125,5797.15,32.2589,-5797
350875,125,5796.12,32.0855,-5795.97
351125,125,5796.52,31.9076,-5796.37
351375,125,5798.27,31.7105,-5798.12
351625,125,5800.98,31.5588,-5800.83
351875,125,5802.32,31.5134,-5802.17
352125,125,5802.55,31.4812,-5802.4
352375,125,5802.19,31.4067,-5802.04
352625,125,5803.32,31.2902,-5803.17
352875,125,5805.59,31.2006,-5805.44
353125,125,5809.3,31.1019,-5809.16
353375,125,5813.73,30.9885,-5813.58
353625,125,5818.04,30.899,-5817.89
353875,125,5820.39,30.7791,-5820.25
354125,125,5822.08,30.6372,-5821.93
354375,125,5823.08,30.5669,-5822.93
354625,125,5822.78,30.5128,-5822.64
354875,125,5822.44,30.3909,-5822.3
355125,125,5822.71,30.382,-5822.56
355375,125,5824.45,30.4184,-5824.3
355625,125,5827.83,30.3399,-5827.69
355875,125,5829.47,30.3156,-5829.33
356125,125,5827.12,30.3874,-5826.97
356375,125,5823.55,30.4445,-5823.41
356625,125,5821,30.502,-5820.86
356875,125,5820.29,30.5559,-5820.15
357125,125,5823.35,30.629,-5823.21
357375,125,5826.86,30.7305,-5826.72
357625,125,5830.51,30.8091,-5830.37
357875,125,5831.93,30.8519,-5831.79
358125,125,5831.8,30.8231,-5831.66
358375,125,5830.11,30.7736,-5829.98
358625,125,5826.43,30.8203,-5826.29
358875,125,5822.17,30.938,-5822.03
359125,125,5817.56,30.977,-5817.43
359375,125,5814.82,30.9293,-5814.68
359625,125,5812.08,30.8719,-5811.94
359875,125,5809.53,30.8357,-5809.4
360125,125,5808.47,30.7921,-5808.33
360375,125,5807.65,30.7292,-5807.52
360625,125,5806.91,30.6772,-5806.78
360875,125,5805.88,30.6081,-5805.75
361125,125,5803.68,30.5684,-5803.55
361375,125,5801.06,30.5772,-5800.93
361625,125,5798.76,30.5231,-5798.63
361875,125,5795.22,30.4282,-5795.09
362125,125,5791.14,30.3791,-5791
362375,125,5786.74,30.3547,-5786.61
362625,125,5784.79,30.3012,-5784.66
362875,125,5783.34,30.236,-5783.21
363125,125,5781.63,30.2487,-5781.5
363375,125,5774.14,30.303,-5774.01
363625,125,5766.09,30.2941,-5765.96
363875,125,5758.89,30.2046,-5758.76
364125,125,5754.17,30.1254,-5754.04
364375,125,5750.9,30.0494,-5750.77
364625,125,5749.22,29.9551,-5749.09
364875,125,5749.46,29.8873,-5749.33
365125,125,5749.97,29.7612,-5749.84
365375,125,5750.64,29.572,-5750.52
365625,125,5752,29.4027,-5751.87
365875,125,5752.81,29.2436,-5752.69
366125,125,5753.11,29.0272,-5752.98
366375,125,5752.75,28.8069,-5752.63
366625,125,5752.21,28.6089,-5752.09
366875,125,5751.47,28.4665,-5751.35
367125,125,5750.08,28.372,-5749.96
367375,125,5748.49,28.2411,-5748.37
367625,125,5746.79,28.0575,-5746.66
367875,125,5745.11,27.855,-5744.98
368125,125,5743.41,27.699,-5743.28
368375,125,5741.5,27.5507,-5741.38
368625,125,5738.79,27.3669,-5738.67
368875,125,5736.33,27.1694,-5736.21
369125,125,5734.23,26.9955,-5734.11
369375,125,5732.9,26.8945,-5732.78
369625,125,5731.56,26.8386,-5731.43
369875,125,5729.9,26.7389,-5729.78
370125,125,5727.55,26.6563,-5727.43
370375,125,5725.45,26.6001,-5725.33
370625,125,5723.42,26.4861,-5723.3
370875,125,5721.39,26.4195,-5721.27
371125,125,5719.04,26.4018,-5718.92
371375,125,5716.79,26.3481,-5716.67
371625,125,5714.76,26.3695,-5714.64
371875,125,5712.16,26.4498,-5712.04
372125,125,5709.64,26.547,-5709.52
372375,125,5707.28,26.6105,-5707.17
372625,125,5705.87,26.6456,-5705.75
372875,125,5704.14,26.723,-5704.03
373125,125,5702.1,26.807,-5701.99
373375,125,5701.42,26.8032,-5701.31
373625,125,5700.38,26.7711,-5700.26
373875,125,5698.9,26.7763,-5698.79
374125,125,5695.87,26.6979,-5695.75
374375,125,5691.22,26.5719,-5691.11
374625,125,5685.51,26.4849,-5685.4
374875,125,5680.09,26.4434,-5679.98
375125,125,5675.79,26.4277,-5675.67
375375,125,5671.98,26.3887,-5671.87
375625,125,5667.59,26.2653,-5667.48
375875,125,5663.45,26.148,-5663.34
376125,125,5659.09,26.0688,-5658.98
376375,125,5653.6,25.95,-5653.5
376625,125,5648.86,25.8397,-5648.75
376875,125,5644.85,25.6707,-5644.74
377125,125,5642.1,25.4601,-5641.99
377375,125,5639.66,25.2729,-5639.56
377625,125,5637.73,25.0731,-5637.62
377875,125,5636.7,24.8797,-5636.59
378125,125,5636.54,24.7386,-5636.43
378375,125,5636.67,24.6249,-5636.56
378625,125,5637.02,24.5163,-5636.92
378875,125,5635.56,24.4939,-5635.45
379125,125,5633.44,24.475,-5633.34
379375,125,5630.73,24.4386,-5630.63
379625,125,5626.74,24.4569,-5626.63
379875,125,5622.52,24.494,-5622.42
380125,125,5618.13,24.5046,-5618.02
380375,125,5615.08,24.4685,-5614.98
380625,125,5611.7,24.3969,-5611.59
380875,125,5607.94,24.3097,-5607.84
381125,125,5603.19,24.263,-5603.09
381375,125,5598.81,24.2633,-5598.71
381625,125,5594.87,24.2517,-5594.77
381875,125,5592.45,24.2915,-5592.35
382125,125,5590.89,24.3796,-5590.79
382375,125,5589.66,24.4352,-5589.57
382625,125,5587.31,24.3768,-5587.21
382875,125,5585.16,24.2262,-5585.07
383125,125,5583.34,24.0951,-5583.24
383375,125,5582.37,23.9332,-5582.27
383625,125,5582.35,23.7657,-5582.26
383875,125,5582.2,23.6822,-5582.11
384125,125,5580.49,23.6415,-5580.39
384375,125,5579.03,23.5709,-5578.93
384625,125,5577.66,23.5602,-5577.56
384875,125,5576.33,23.6289,-5576.24
385125,125,5574.96,23.6372,-5574.86
385375,125,5574.38,23.5995,-5574.29
385625,125,5575.35,23.5285,-5575.26
385875,125,5577.86,23.4196,-5577.77
386125,125,5579.39,23.34,-5579.3
386375,125,5579.07,23.3039,-5578.98
386625,125,5577.53,23.2768,-5577.44
386875,125,5575.13,23.1837,-5575.04
387125,125,5571.81,23.0805,-5571.72
387375,125,5569.36,22.9476,-5569.27
387625,125,5566.79,22.8535,-5566.71
387875,125,5564.05,22.8228,-5563.96
388125,125,5559.75,22.6921,-5559.67
388375,125,5558.57,22.5162,-5558.48
388625,125,5560.14,22.4117,-5560.06
388875,125,5563.76,22.3801,-5563.67
389125,125,5567.18,22.3481,-5567.1
389375,125,5570.24,22.318,-5570.16
389625,125,5571.57,22.3232,-5571.48
389875,125,5571.58,22.35,-5571.5
390125,125,5571.16,22.2933,-5571.08
390375,125,5572.16,22.2247,-5572.08
390625,125,5574.84,22.2467,-5574.76
390875,125,5577.81,22.3173,-5577.73
391125,125,5579.16,22.3667,-5579.08
391375,125,5579.51,22.3732,-5579.43
391625,125,5579.05,22.3331,-5578.98
391875,125,5577.38,22.2957,-5577.3
392125,125,5576.75,22.2602,-5576.67
392375,125,5576.84,22.1728,-5576.76
392625,125,5577.87,22.1226,-5577.79
392875,125,5578.6,22.097,-5578.53
393125,125,5578.54,22.0363,-5578.46
393375,125,5577.21,21.9109,-5577.14
393625,125,5576.47,21.7591,-5576.39
393875,125,5575.37,21.6408,-5575.3
394125,125,5573.69,21.5607,-5573.62
394375,125,5571.68,21.4892,-5571.6
394625,125,5569.96,21.4161,-5569.89
394875,125,5568.6,21.3822,-5568.53
395125,125,5567.89,21.3494,-5567.82
395375,125,5567.01,21.3226,-5566.94
395625,125,5566.04,21.3141,-5565.97
395875,125,5566.39,21.3294,-5566.32
396125,125,5566.16,21.3899,-5566.09
396375,125,5565.54,21.3572,-5565.48
396625,125,5565.54,21.2683,-5565.48
396875,125,5566.16,21.1577,-5566.1
397125,125,5567.16,20.9709,-5567.1
397375,125,5568.17,20.8406,-5568.1
397625,125,5568.52,20.7109,-5568.45
397875,125,5568.67,20.5373,-5568.61
398125,125,5569.35,20.3893,-5569.29
398375,125,5569.29,20.2892,-5569.22
398625,125,5568.93,20.189,-5568.87
398875,125,5568.58,20.0624,-5568.51
399125,125,5569.26,19.9309,-5569.2
399375,125,5570.87,19.8176,-5570.81
399625,125,5573.94,19.7049,-5573.88
399875,125,5576.96,19.5912,-5576.89
400125,125,5578.58,19.4585,-5578.51
400375,125,5577.58,19.2885,-5577.51
400625,125,5576.57,19.2069,-5576.51
400875,125,5575.84,19.1531,-5575.78
401125,125,5575.52,19.0818,-5575.46
401375,125,5574.87,18.9842,-5574.81
401625,125,5574.49,18.8024,-5574.43
401875,125,5574.49,18.5975,-5574.43
402125,125,5574.52,18.5262,-5574.46
402375,125,5574.87,18.5206,-5574.81
402625,125,5575.55,18.4734,-5575.5
402875,125,5576.59,18.4447,-5576.53
403125,125,5577.25,18.3963,-5577.19
403375,125,5577.63,18.3185,-5577.57
403625,125,5578.3,18.2256,-5578.25
403875,125,5579.19,18.1242,-5579.14
404125,125,5580.5,17.9971,-5580.45
404375,125,5583.86,17.8028,-5583.81
404625,125,5587.9,17.6217,-5587.85
404875,125,5592.16,17.4302,-5592.1
405125,125,5595.58,17.2363,-5595.52
405375,125,5596.4,17.0491,-5596.35
405625,125,5595.04,16.8393,-5594.99
405875,125,5590,16.6552,-5589.95
406125,125,5584.42,16.4484,-5584.36
406375,125,5579.45,16.2193,-5579.39
406625,125,5576.67,15.985,-5576.62
406875,125,5575,15.7856,-5574.94
407125,125,5574.15,15.6559,-5574.1
407375,125,5574.48,15.5783,-5574.43
407625,125,5574.23,15.5473,-5574.18
407875,125,5573.75,15.5081,-5573.7
408125,125,5573.07,15.4176,-5573.02
408375,125,5573,15.3253,-5572.95
408625,125,5572.85,15.2841,-5572.8
408875,125,5572.49,15.2462,-5572.45
409125,125,5572.47,15.1265,-5572.43
409375,125,5572.79,15.0109,-5572.75
409625,125,5573.47,14.8937,-5573.43
409875,125,5573.47,14.8367,-5573.43
410125,125,5573.3,14.8561,-5573.26
410375,125,5572.95,14.8968,-5572.91
410625,125,5571.95,14.8995,-5571.91
410875,125,5571.13,14.7617,-5571.09
411125,125,5570.55,14.6223,-5570.51
411375,125,5570.91,14.4995,-5570.86
411625,125,5571.46,14.3053,-5571.42
411875,125,5572.14,14.0928,-5572.1
412125,125,5572.82,13.8836,-5572.78
412375,125,5573.49,13.6748,-5573.45
412625,125,5574.3,13.4531,-5574.26
412875,125,5575.66,13.253,-5575.62
413125,125,5577.25,13.1189,-5577.21
413375,125,5578.76,12.9323,-5578.72
413625,125,5579.76,12.7498,-5579.72
413875,125,5580.24,12.6898,-5580.2
414125,125,5580.16,12.6601,-5580.13
414375,125,5579.13,12.5195,-5579.09
414625,125,5578.41,12.2514,-5578.38
414875,125,5577.99,11.9732,-5577.95
415125,125,5577.99,11.7746,-5577.95
415375,125,5578.3,11.5858,-5578.26
415625,125,5579.05,11.3806,-5579.01
415875,125,5580.4,11.1495,-5580.37
416125,125,5582.68,10.9459,-5582.64
416375,125,5584.45,10.8097,-5584.41
416625,125,5585.48,10.659,-5585.44
416875,125,5585.2,10.5207,-5585.16
417125,125,5584.52,10.4183,-5584.49
417375,125,5583.5,10.3878,-5583.46
417625,125,5582.82,10.4206,-5582.79
417875,125,5581.59,10.4656,-5581.56
418125,125,5579.96,10.4571,-5579.93
418375,125,5578.96,10.4635,-5578.93
418625,125,5577.96,10.4432,-5577.93
418875,125,5577.03,10.3207,-5577
419125,125,5576.68,10.1899,-5576.65
419375,125,5576.12,10.0022,-5576.09
419625,125,5575.43,9.85827,-5575.4
419875,125,5574.72,9.76689,-5574.69
420125,125,5574.5,9.63884,-5574.48
420375,125,5574.65,9.59715,-5574.63
420625,125,5575.33,9.58436,-5575.3
420875,125,5575.77,9.5275,-5575.74
421125,125,5576.48,9.48902,-5576.45
421375,125,5578.16,9.44286,-5578.13
421625,125,5580.12,9.37971,-5580.09
421875,125,5582.04,9.28963,-5582.01
422125,125,5583.72,9.14107,-5583.69
422375,125,5585.12,8.98976,-5585.1
422625,125,5585.86,8.8298,-5585.83
422875,125,5585.53,8.65741,-5585.51
423125,125,5584.6,8.5491,-5584.58
423375,125,5583.02,8.48894,-5583
423625,125,5580.63,8.45727,-5580.61
423875,125,5577.27,8.40804,-5577.25
424125,125,5573.53,8.30874,-5573.51
424375,125,5569.42,8.23818,-5569.41
424625,125,5563.98,8.17752,-5563.96
424875,125,5558.18,8.09415,-5558.17
425125,125,5552.14,8.01637,-5552.13
425375,125,5547.43,7.93084,-5547.41
425625,125,5543.67,7.83701,-5543.65
425875,125,5540.67,7.72302,-5540.65
426125,125,5537.99,7.63122,-5537.97
426375,125,5535.29,7.55287,-5535.27
426625,125,5532.43,7.4462,-5532.41
426875,125,5528.68,7.31917,-5528.67
427125,125,5523.34,7.18268,-5523.32
427375,125,5517.4,7.07359,-5517.39
427625,125,5512.3,6.95565,-5512.29
427875,125,5508.2,6.8554,-5508.19
428125,125,5504.99,6.78425,-5504.98
428375,125,5503.34,6.66667,-5503.33
428625,125,5503.24,6.58477,-5503.23
428875,125,5504.09,6.4988,-5504.08
429125,125,5506.16,6.35547,-5506.15
429375,125,5508.49,6.19383,-5508.48
429625,125,5510.99,6.01673,-5510.98
429875,125,5513.7,5.9033,-5513.69
430125,125,5516.69,5.8217,-5516.69
430375,125,5519.73,5.73045,-5519.72
430625,125,5522.76,5.65266,-5522.76
430875,125,5526.12,5.57644,-5526.12
431125,125,5529.05,5.48873,-5529.05
431375,125,5531.41,5.35915,-5531.4
431625,125,5532.79,5.2558,-5532.79
431875,125,5533.46,5.17163,-5533.46
432125,125,5533.42,5.0856,-5533.42
432375,125,5533.1,5.03402,-5533.1
432625,125,5533.32,5.01967,-5533.32
432875,125,5534.02,4.92879,-5534.02
433125,125,5535.05,4.73748,-5535.06
433375,125,5536.47,4.6038,-5536.47
433625,125,5538.15,4.47372,-5538.15
433875,125,5539.83,4.30605,-5539.83
434125,125,5541.3,4.14704,-5541.3
434375,125,5542.65,3.96897,-5542.66
434625,125,5544.01,3.77343,-5544.02
434875,125,5544.89,3.59565,-5544.9
435125,125,5545.27,3.39839,-5545.28
435375,125,5544.59,3.20708,-5544.6
435625,125,5543.41,3.03559,-5543.42
435875,125,5542.06,2.84986,-5542.07
436125,125,5540.73,2.642,-5540.75
436375,125,5539.92,2.43016,-5539.94
436625,125,5538.71,2.22148,-5538.72
436875,125,5536.35,2.04688,-5536.37
437125,125,5535.14,1.86738,-5535.15
437375,125,5534.75,1.66558,-5534.77
437625,125,5535.43,1.4648,-5535.45
437875,125,5536.11,1.26107,-5536.13
438125,125,5536.79,1.08052,-5536.81
438375,125,5537.46,0.926776,-5537.49
438625,125,5537.83,0.767785,-5537.86
438875,125,5537.7,0.565883,-5537.73
439125,125,5537.03,0.373918,-5537.05
439375,125,5536.31,0.160508,-5536.34
439625,125,5535.62,-0.0883347,-5535.65
439875,125,5534.96,-0.299521,-5534.98
440125,125,5534.6,-0.434468,-5534.63
440375,125,5533.66,-0.571909,-5533.69
